T,D,L,H,R
EURCAD=X,10.7,12.1,-1.3,1.62438
CHFCAD=X,10.7,12.4,-1.7,1.7538
EURGBP=X,8.4,8.6,-0.3,0.87289
CHFGBP=X,8.1,8.4,-0.3,0.9425
GBPCAD=X,5.0,6.6,-1.6,1.86089
CHFEUR=X,3.8,4.3,-0.6,1.0797
USDCAD=X,-2.3,3.2,-5.5,1.39733
GBPUSD=X,-3.3,2.1,-5.5,1.3315934
EURCHF=X,-3.6,0.6,-4.2,0.92573
CADUSD=X,-4.7,6.4,-11.1,0.7156557
CADGBP=X,-5.1,1.6,-6.7,0.537
USDGBP=X,-5.6,3.6,-9.1,0.75098
GBPEUR=X,-6.5,0.2,-6.7,1.145
GBPCHF=X,-7.5,0.3,-7.8,1.06052
EURUSD=X,-8.5,1.7,-10.3,1.1627907
CHFUSD=X,-8.7,1.0,-9.7,1.2558081
CADEUR=X,-9.4,1.4,-10.8,0.6154
CADCHF=X,-9.5,1.6,-11.2,0.56913
USDEUR=X,-10.3,2.1,-12.4,0.86
USDCHF=X,-12.1,1.3,-13.4,0.7963
