T,R,L,H
USDGBP=X,0.76371,0.05305909,-0.075814374
USDEUR=X,0.8684,0.031047774,-0.115637265
USDCAD=X,1.4097,0.041091222,-0.046920393
USDCHF=X,0.8072,0.027364122,-0.12255145
GBPUSD=X,1.3093975,0.031798366,-0.04543563
GBPEUR=X,1.1369,0.008068771,-0.073808566
GBPCAD=X,1.84482,0.05674323,-0.024663322
GBPCHF=X,1.05794,0.020852452,-0.08014817
EURUSD=X,1.1515431,0.025677979,-0.09563749
EURGBP=X,0.87918,0.09418795,-0.0082907155
EURCAD=X,1.62348,0.112353556,-0.0140230935
EURCHF=X,0.92975,0.012821641,-0.037625454
CADUSD=X,0.7093708,0.082297094,-0.09397171
CADGBP=X,0.5415,0.024597827,-0.05907913
CADEUR=X,0.6155,0.013836211,-0.10157794
CADCHF=X,0.5722,0.02178571,-0.105126485
CHFUSD=X,1.2388504,0.019778702,-0.0885798
CHFGBP=X,0.9443,0.08628881,-0.021217516
CHFEUR=X,1.0745,0.03828958,-0.013555034
CHFCAD=X,1.7447,0.11581533,-0.022566136
