T,R,H,L
USDGBP=X,0.7358,-0.042600248,0.018845463
USDEUR=X,0.8523,-0.056073043,0.0247685
USDCAD=X,1.35889,-0.038940493,0.007779635
USDCHF=X,0.78082,-0.07849358,0.02348934
GBPUSD=X,1.3590649,-0.023644498,0.010459834
GBPEUR=X,1.1582,-0.031346176,0.026955167
GBPCAD=X,1.84673,-0.02365354,0.024936164
GBPCHF=X,1.06117,-0.052991882,0.030462151
EURUSD=X,1.1732959,-0.042109,0.018600322
EURGBP=X,0.86301,-0.026530398,0.032061696
EURCAD=X,1.59376,-0.032072704,0.029208366
EURCHF=X,0.91585,-0.030169226,0.019741235
CADUSD=X,0.7360518,-0.07463387,0.014422323
CADGBP=X,0.5409,-0.025054041,0.023462575
CADEUR=X,0.6271,-0.028700667,0.03294347
CADCHF=X,0.57461,-0.05159525,0.026089272
CHFUSD=X,1.2806228,-0.0507023,0.015226541
CHFGBP=X,0.9418,-0.029622382,0.055557452
CHFEUR=X,1.0913,-0.019805113,0.030842204
CHFCAD=X,1.7391,-0.025703413,0.053865846
